<?xml version="1.0"?>
<opencv_storage>
<camera_intrinsic type_id="opencv-matrix">
  <rows>3</rows>
  <cols>3</cols>
  <dt>d</dt>
  <data>
    4.2327385029845897e+02 0. 3.4134626488568364e+02 0.
    4.2127405725938064e+02 2.6928542352416724e+02 0. 0. 1.</data></camera_intrinsic>
<camera_distortion type_id="opencv-matrix">
  <rows>1</rows>
  <cols>5</cols>
  <dt>d</dt>
  <data>
    -4.3394196203069529e-01 2.6707842338662058e-01
    -3.1143122291531244e-04 5.6389773569929451e-04
    -1.0970568174301934e-01</data></camera_distortion>
</opencv_storage>
