<?xml version="1.0"?>
<opencv_storage>
<camera_intrinsic type_id="opencv-matrix">
  <rows>3</rows>
  <cols>3</cols>
  <dt>d</dt>
  <data>
    4.2091190986622377e+02 0. 3.5216176936525409e+02 0.
    4.1872279390745473e+02 2.6450671286493127e+02 0. 0. 1.</data></camera_intrinsic>
<camera_distortion type_id="opencv-matrix">
  <rows>1</rows>
  <cols>5</cols>
  <dt>d</dt>
  <data>
    -4.1458190710596904e-01 1.9961449391130948e-01
    -1.4827424247042394e-04 -1.3685105590780036e-03
    -5.1136996013106520e-02</data></camera_distortion>
</opencv_storage>
