left_2.png
translation vector 
[[-0.23339782]
 [-0.3157212 ]
 [ 4.72737447]]
rotation matrix 
[[ 0.99816239  0.05658841 -0.02167013]
 [-0.04409601  0.92362005  0.38076442]
 [ 0.04156182 -0.37910916  0.92441812]]
left_3.png
translation vector 
[[ 0.20272397]
 [-0.87897122]
 [ 4.58742785]]
rotation matrix 
[[ 0.94847938 -0.01749993 -0.31635522]
 [-0.00315501  0.99790233 -0.06466048]
 [ 0.31682316  0.06232724  0.94643457]]
left_1.png
translation vector 
[[-0.39057681]
 [-0.70434916]
 [ 4.4725493 ]]
rotation matrix 
[[ 0.99796625 -0.01519509 -0.06190697]
 [-0.00995583  0.92210065 -0.38682202]
 [ 0.06296226  0.38665165  0.92007405]]
left_0.png
translation vector 
[[-0.66050153]
 [-0.586764  ]
 [ 4.31125605]]
rotation matrix 
[[ 0.99496448  0.0123618  -0.09946288]
 [-0.01499394  0.99955571 -0.02575958]
 [ 0.09910026  0.02712121  0.99470779]]
left_4.png
translation vector 
[[-0.88895062]
 [-0.5117259 ]
 [ 4.90021712]]
rotation matrix 
[[ 9.73394444e-01  1.43942117e-04  2.29135844e-01]
 [-1.60584044e-02  9.97583860e-01  6.75912027e-02]
 [-2.28572491e-01 -6.94724572e-02  9.71044898e-01]]
left_10.png
translation vector 
[[-0.77096713]
 [ 0.40301176]
 [ 6.07523016]]
rotation matrix 
[[ 0.85742704  0.20557287 -0.47176123]
 [ 0.06278614  0.86810395  0.49239561]
 [ 0.51076097 -0.45181338  0.73142867]]
left_5.png
translation vector 
[[-0.31334159]
 [-0.79806359]
 [ 3.18902166]]
rotation matrix 
[[ 0.97338815  0.03473539 -0.22651481]
 [-0.02285917  0.99823319  0.05484487]
 [ 0.22801966 -0.0482074   0.97246238]]
left_7.png
translation vector 
[[-0.02699572]
 [-0.07321961]
 [ 4.95365777]]
rotation matrix 
[[ 0.94400427  0.0585673  -0.32469341]
 [-0.07112438  0.99710385 -0.02693014]
 [ 0.32217582  0.04851578  0.94543586]]
left_6.png
translation vector 
[[-0.80105021]
 [-0.71458   ]
 [ 6.73756681]]
rotation matrix 
[[ 0.99537896 -0.05782452 -0.07666198]
 [ 0.06432449  0.99428346  0.08522185]
 [ 0.07129583 -0.08975928  0.99340836]]
left_8.png
translation vector 
[[-1.65730141]
 [-0.48974675]
 [ 5.34711168]]
rotation matrix 
[[ 0.94632277 -0.22588266  0.23119306]
 [ 0.23789956  0.97096509 -0.02511144]
 [-0.21880815  0.07876426  0.97258377]]
left_9.png
translation vector 
[[-1.04275392]
 [ 0.82920308]
 [ 5.80836461]]
rotation matrix 
[[ 0.91977607 -0.00101349  0.39244229]
 [-0.21855712  0.82924491  0.51437891]
 [-0.32595209 -0.55888447  0.76249812]]
