left_2.png
Translation vector: 
[ 0.02256863  2.09700524 -4.25491329]
Rotation matrix: 
[[ 0.99816239 -0.04409601  0.04156181]
 [ 0.05658841  0.92362004 -0.37910917]
 [-0.02167012  0.38076444  0.92441811]]


left_3.png
Translation vector: 
[-1.64845617  0.59475321 -4.33440258]
Rotation matrix: 
[[ 0.94847938 -0.00315502  0.31682316]
 [-0.01749993  0.99790233  0.06232727]
 [-0.31635521 -0.06466052  0.94643457]]


left_1.png
Translation vector: 
[ 0.10116826 -1.08577281 -4.41171404]
Rotation matrix: 
[[ 0.99796625 -0.00995583  0.06296226]
 [-0.01519509  0.92210064  0.38665167]
 [-0.06190698 -0.38682203  0.92007404]]


left_0.png
Translation vector: 
[ 0.22113092  0.4777417  -4.36925048]
Rotation matrix: 
[[ 0.99496448 -0.01499394  0.09910029]
 [ 0.0123618   0.99955571  0.02712124]
 [-0.09946291 -0.02575961  0.99470778]]


left_4.png
Translation vector: 
[ 1.97713689  0.85104757 -4.52005266]
Rotation matrix: 
[[ 9.73394451e-01 -1.60584004e-02 -2.28572463e-01]
 [ 1.43943300e-04  9.97583861e-01 -6.94724435e-02]
 [ 2.29135816e-01  6.75911895e-02  9.71044906e-01]]


left_10.png
Translation vector: 
[-2.4672461   2.55350426 -5.00575161]
Rotation matrix: 
[[ 0.85742705  0.06278613  0.51076096]
 [ 0.20557287  0.86810396 -0.45181336]
 [-0.47176122  0.49239559  0.73142869]]


left_5.png
Translation vector: 
[-0.4403998   0.961272   -3.12841065]
Rotation matrix: 
[[ 0.97338815 -0.02285917  0.22801967]
 [ 0.03473539  0.99823319 -0.04820737]
 [-0.22651482  0.05484484  0.97246238]]


left_7.png
Translation vector: 
[-1.57567246 -0.16574202 -4.69410328]
Rotation matrix: 
[[ 0.94400428 -0.07112438  0.32217581]
 [ 0.0585673   0.99710385  0.0485158 ]
 [-0.32469339 -0.02693015  0.94543586]]


left_6.png
Translation vector: 
[ 0.36295269  1.26893403 -6.69366801]
Rotation matrix: 
[[ 0.99537895  0.06432449  0.07129588]
 [-0.05782452  0.99428346 -0.08975929]
 [-0.07666204  0.08522186  0.99340836]]


left_8.png
Translation vector: 
[ 2.85484403 -0.31999006 -4.82965619]
Rotation matrix: 
[[ 0.94632278  0.23789957 -0.21880809]
 [-0.22588267  0.97096509  0.07876428]
 [ 0.23119301 -0.02511148  0.97258378]]


left_9.png
Translation vector: 
[ 3.0335771   2.55753576 -4.44617115]
Rotation matrix: 
[[ 0.91977607 -0.21855712 -0.32595211]
 [-0.0010135   0.82924491 -0.55888447]
 [ 0.3924423   0.51437891  0.76249812]]


