right_0.png
translation vector 
[[-1.03711625]
 [-0.55262575]
 [ 4.30918215]]
rotation matrix 
[[ 0.99647897  0.00980082 -0.08326827]
 [-0.01089258  0.99986044 -0.01266729]
 [ 0.0831325   0.01352969  0.99644665]]
right_1.png
translation vector 
[[-0.7668171 ]
 [-0.67446943]
 [ 4.50985016]]
rotation matrix 
[[ 0.9971005  -0.02091728 -0.07316457]
 [-0.00805023  0.92708757 -0.37475836]
 [ 0.07566889  0.37426074  0.92423109]]
right_3.png
translation vector 
[[-0.16663122]
 [-0.83474407]
 [ 4.55306798]]
rotation matrix 
[[ 0.93883052 -0.03388612 -0.3427083 ]
 [ 0.0075571   0.99693472 -0.0778721 ]
 [ 0.34429658  0.07051882  0.93620882]]
right_6.png
translation vector 
[[-1.20368866]
 [-0.66505079]
 [ 6.72472186]]
rotation matrix 
[[ 0.99554076 -0.06573413 -0.06765812]
 [ 0.0760714   0.9835662   0.16373966]
 [ 0.05578295 -0.16815636  0.98418073]]
right_7.png
translation vector 
[[-0.41770918]
 [-0.03025746]
 [ 4.94162155]]
rotation matrix 
[[ 0.94567508  0.04568657 -0.32188722]
 [-0.06486314  0.99668554 -0.04909892]
 [ 0.31857717  0.06731024  0.94550405]]
right_5.png
translation vector 
[[-0.67750968]
 [-0.77159339]
 [ 3.17812032]]
rotation matrix 
[[ 0.97014889  0.03451972 -0.24004066]
 [-0.01684826  0.99701969  0.07528527]
 [ 0.24192409 -0.06899366  0.96783914]]
right_4.png
translation vector 
[[-1.26356634]
 [-0.47184523]
 [ 4.85266136]]
rotation matrix 
[[ 9.67704324e-01 -3.16274464e-04  2.52087765e-01]
 [-2.04562966e-02  9.96602802e-01  7.97771631e-02]
 [-2.51256604e-01 -8.23574878e-02  9.64410371e-01]]
right_9.png
translation vector 
[[-1.4438939 ]
 [ 0.86756435]
 [ 5.80399398]]
rotation matrix 
[[ 0.91898622 -0.0021675   0.39428369]
 [-0.21465699  0.83605338  0.50491299]
 [-0.33073661 -0.54864383  0.76785626]]
right_8.png
translation vector 
[[-2.03903913]
 [-0.45287072]
 [ 5.31870136]]
rotation matrix 
[[ 9.41242134e-01 -2.29536840e-01  2.47741970e-01]
 [ 2.37075011e-01  9.71491154e-01 -6.13459301e-04]
 [-2.40538321e-01  5.93108440e-02  9.68825856e-01]]
right_10.png
translation vector 
[[-1.15995263]
 [ 0.43998444]
 [ 6.01223226]]
rotation matrix 
[[ 0.8425312   0.20039298 -0.49998383]
 [ 0.0922571   0.86081888  0.50047926]
 [ 0.53068805 -0.46779645  0.70677909]]
