right_0.png
Translation vector: 
[ 0.66920818  0.50441071 -4.38723245]
Rotation matrix: 
[[ 0.99647882 -0.01089257  0.0831343 ]
 [ 0.00980088  0.99986045  0.0135285 ]
 [-0.08327006 -0.01266607  0.99644652]]


right_1.png
Translation vector: 
[ 0.41790914 -1.07861076 -4.47701268]
Rotation matrix: 
[[ 0.99710044 -0.00805017  0.07566976]
 [-0.02091759  0.92708788  0.37425995]
 [-0.07316537 -0.37475759  0.92423134]]


right_3.png
Translation vector: 
[-1.40486037  0.50546324 -4.38473536]
Rotation matrix: 
[[ 0.93883018  0.00755764  0.34429751]
 [-0.03388615  0.99693484  0.07051712]
 [-0.34270924 -0.07787051  0.93620861]]


right_6.png
Translation vector: 
[ 0.87378645  1.70580955 -6.59088869]
Rotation matrix: 
[[ 0.9955407   0.07607139  0.05578397]
 [-0.06573379  0.98356583 -0.16815863]
 [-0.06765927  0.16374187  0.98418028]]


right_7.png
Translation vector: 
[-1.18123505 -0.28338276 -4.8082672 ]
Rotation matrix: 
[[ 0.94567472 -0.06486273  0.31857832]
 [ 0.0456864   0.99668561  0.06730929]
 [-0.32188829 -0.04909799  0.94550374]]


right_5.png
Translation vector: 
[-0.12457858  1.01195276 -3.18045177]
Rotation matrix: 
[[ 0.97014869 -0.01684797  0.24192492]
 [ 0.03451991  0.99701957 -0.06899533]
 [-0.24004145  0.07528695  0.96783882]]


right_4.png
Translation vector: 
[ 2.43236887  0.86949747 -4.32378882]
Rotation matrix: 
[[ 9.67704669e-01 -2.04567698e-02 -2.51255238e-01]
 [-3.16102024e-04  9.96602665e-01 -8.23591374e-02]
 [ 2.52086442e-01  7.97787440e-02  9.64410586e-01]]


right_9.png
Translation vector: 
[ 3.43274207  2.4558693  -4.32537463]
Rotation matrix: 
[[ 0.91898649 -0.21465752 -0.33073552]
 [-0.0021671   0.83605244 -0.54864527]
 [ 0.39428307  0.50491432  0.76785571]]


right_8.png
Translation vector: 
[ 3.30594473 -0.34352917 -4.64802314]
Rotation matrix: 
[[ 9.41242546e-01  2.37074435e-01 -2.40537277e-01]
 [-2.29536758e-01  9.71491296e-01  5.93088424e-02]
 [ 2.47740481e-01 -6.11859094e-04  9.68826238e-01]]


right_10.png
Translation vector: 
[-2.25391541  2.66620122 -5.04948622]
Rotation matrix: 
[[ 0.8425309   0.09225758  0.53068844]
 [ 0.20039329  0.8608184  -0.46779719]
 [-0.4999842   0.50048     0.7067783 ]]


